 0.00000000000000E+000 0.00000000000000E+000 0.00000000000000E+000 0.00000000000000E+000 0.00000000000000E+000 0.00000000000000E+000 0.00000000000000E+000
 1.00000000000000E+000 4.05000000000000E-001 4.00000000000000E-001 5.40000000000000E+001 3.00000000000000E+001 1.00000000000000E+000 0.00000000000000E+000
 1.00000000000000E+000 3.37500000000000E-001 4.50000000000000E-001 5.40000000000000E+001 3.00000000000000E+001 1.00000000000000E+000 0.00000000000000E+000
 1.00000000000000E+000 4.05000000000000E-001 5.00000000000000E-001 5.40000000000000E+001 3.00000000000000E+001 1.00000000000000E+000 0.00000000000000E+000
 1.00000000000000E+000 4.05000000000000E-001 4.50000000000000E-001 5.40000000000000E+001 3.00000000000000E+001 1.00000000000000E+000 0.00000000000000E+000
 1.00000000000000E+000 4.05000000000000E-001 3.50000000000000E-001 5.40000000000000E+001 3.00000000000000E+001 1.00000000000000E+000 0.00000000000000E+000
 1.00000000000000E+000 4.05000000000000E-001 3.00000000000000E-001 5.40000000000000E+001 3.00000000000000E+001 1.00000000000000E+000 0.00000000000000E+000
 1.00000000000000E+000 4.05000000000000E-001 2.50000000000000E-001 5.40000000000000E+001 3.00000000000000E+001 1.00000000000000E+000 0.00000000000000E+000
 1.00000000000000E+000 4.05000000000000E-001 2.00000000000000E-001 5.40000000000000E+001 3.00000000000000E+001 1.00000000000000E+000 0.00000000000000E+000
 1.00000000000000E+000 4.05000000000000E-001 1.50000000000000E-001 5.40000000000000E+001 3.00000000000000E+001 1.00000000000000E+000 0.00000000000000E+000
 1.00000000000000E+000 4.05000000000000E-001 1.00000000000000E-001 5.40000000000000E+001 3.00000000000000E+001 1.00000000000000E+000 0.00000000000000E+000
 1.00000000000000E+000 4.05000000000000E-001 5.00000000000000E-002 5.40000000000000E+001 3.00000000000000E+001 1.00000000000000E+000 0.00000000000000E+000
 1.00000000000000E+000 2.70000000000000E-001 1.00000000000000E-001 5.40000000000000E+001 3.00000000000000E+001 1.00000000000000E+000 0.00000000000000E+000
 1.00000000000000E+000 1.35000000000000E-001 1.00000000000000E-001 5.40000000000000E+001 3.00000000000000E+001 1.00000000000000E+000 0.00000000000000E+000
 1.00000000000000E+000 6.75000000000000E-002 3.00000000000000E-001 5.40000000000000E+001 3.00000000000000E+001 1.00000000000000E+000 0.00000000000000E+000
 1.00000000000000E+000 1.35000000000000E-001 4.00000000000000E-001 5.40000000000000E+001 3.00000000000000E+001 1.00000000000000E+000 0.00000000000000E+000
 1.00000000000000E+000 6.75000000000000E-002 5.50000000000000E-001 5.40000000000000E+001 3.00000000000000E+001 1.00000000000000E+000 0.00000000000000E+000
 1.00000000000000E+000 6.75000000000000E-002 8.00000000000000E-001 5.40000000000000E+001 3.00000000000000E+001 1.00000000000000E+000 0.00000000000000E+000
 1.00000000000000E+000 6.75000000000000E-002 8.50000000000000E-001 5.40000000000000E+001 3.00000000000000E+001 1.00000000000000E+000 0.00000000000000E+000
 1.00000000000000E+000 6.75000000000000E-002 9.00000000000000E-001 5.40000000000000E+001 3.00000000000000E+001 1.00000000000000E+000 0.00000000000000E+000
 1.00000000000000E+000 4.05000000000000E-001 9.00000000000000E-001 5.40000000000000E+001 3.00000000000000E+001 1.00000000000000E+000 0.00000000000000E+000
 1.00000000000000E+000 4.72500000000000E-001 8.50000000000000E-001 5.40000000000000E+001 3.00000000000000E+001 1.00000000000000E+000 0.00000000000000E+000
 1.00000000000000E+000 5.40000000000000E-001 7.50000000000000E-001 5.40000000000000E+001 3.00000000000000E+001 1.00000000000000E+000 0.00000000000000E+000
 1.00000000000000E+000 6.07500000000000E-001 5.50000000000000E-001 5.40000000000000E+001 3.00000000000000E+001 1.00000000000000E+000 0.00000000000000E+000
 1.00000000000000E+000 6.75000000000000E-001 4.00000000000000E-001 5.40000000000000E+001 3.00000000000000E+001 1.00000000000000E+000 0.00000000000000E+000
 1.00000000000000E+000 5.40000000000000E-001 2.00000000000000E-001 5.40000000000000E+001 3.00000000000000E+001 1.00000000000000E+000 0.00000000000000E+000
 1.00000000000000E+000 4.72500000000000E-001 2.50000000000000E-001 5.40000000000000E+001 3.00000000000000E+001 1.00000000000000E+000 0.00000000000000E+000
 1.00000000000000E+000 5.40000000000000E-001 3.50000000000000E-001 5.40000000000000E+001 3.00000000000000E+001 1.00000000000000E+000 0.00000000000000E+000
 1.00000000000000E+000 4.72500000000000E-001 5.00000000000000E-001 5.40000000000000E+001 3.00000000000000E+001 1.00000000000000E+000 0.00000000000000E+000
 2.00000000000000E+000 3.37500000000000E-001 6.00000000000000E-001 5.40000000000000E+001 3.00000000000000E+001 2.00000000000000E+000 2.00000000000000E+000
 2.00000000000000E+000 2.70000000000000E-001 7.00000000000000E-001 5.40000000000000E+001 3.00000000000000E+001 2.00000000000000E+000 3.00000000000000E+000
 2.00000000000000E+000 2.02500000000000E-001 5.50000000000000E-001 5.40000000000000E+001 3.00000000000000E+001 2.00000000000000E+000 2.00000000000000E+000
 2.00000000000000E+000 2.70000000000000E-001 4.50000000000000E-001 5.40000000000000E+001 3.00000000000000E+001 2.00000000000000E+000 2.00000000000000E+000
 2.00000000000000E+000 2.70000000000000E-001 3.50000000000000E-001 5.40000000000000E+001 3.00000000000000E+001 2.00000000000000E+000 1.00000000000000E+000
 2.00000000000000E+000 2.02500000000000E-001 2.50000000000000E-001 5.40000000000000E+001 3.00000000000000E+001 2.00000000000000E+000 1.00000000000000E+000
 2.00000000000000E+000 1.35000000000000E-001 2.50000000000000E-001 5.40000000000000E+001 3.00000000000000E+001 2.00000000000000E+000 1.00000000000000E+000
 2.00000000000000E+000 2.70000000000000E-001 2.00000000000000E-001 5.40000000000000E+001 3.00000000000000E+001 2.00000000000000E+000 3.00000000000000E+000
 1.00000000000000E+000 2.02500000000000E-001 6.50000000000000E-001 5.40000000000000E+001 3.00000000000000E+001 3.00000000000000E+000 0.00000000000000E+000
 1.00000000000000E+000 1.35000000000000E-001 6.50000000000000E-001 5.40000000000000E+001 3.00000000000000E+001 3.00000000000000E+000 0.00000000000000E+000
 1.00000000000000E+000 4.72500000000000E-001 6.50000000000000E-001 5.40000000000000E+001 3.00000000000000E+001 3.00000000000000E+000 0.00000000000000E+000
 1.00000000000000E+000 5.40000000000000E-001 6.00000000000000E-001 5.40000000000000E+001 3.00000000000000E+001 3.00000000000000E+000 0.00000000000000E+000
 1.00000000000000E+000 5.40000000000000E-001 4.00000000000000E-001 5.40000000000000E+001 3.00000000000000E+001 3.00000000000000E+000 0.00000000000000E+000
 0.00000000000000E+000 0.00000000000000E+000 0.00000000000000E+000 0.00000000000000E+000 0.00000000000000E+000 0.00000000000000E+000 0.00000000000000E+000
 0.00000000000000E+000 0.00000000000000E+000 0.00000000000000E+000 0.00000000000000E+000 0.00000000000000E+000 0.00000000000000E+000 0.00000000000000E+000
 0.00000000000000E+000 0.00000000000000E+000 0.00000000000000E+000 0.00000000000000E+000 0.00000000000000E+000 0.00000000000000E+000 0.00000000000000E+000
 0.00000000000000E+000 0.00000000000000E+000 0.00000000000000E+000 0.00000000000000E+000 0.00000000000000E+000 0.00000000000000E+000 0.00000000000000E+000
 0.00000000000000E+000 0.00000000000000E+000 0.00000000000000E+000 0.00000000000000E+000 0.00000000000000E+000 0.00000000000000E+000 0.00000000000000E+000
 0.00000000000000E+000 0.00000000000000E+000 0.00000000000000E+000 0.00000000000000E+000 0.00000000000000E+000 0.00000000000000E+000 0.00000000000000E+000
 0.00000000000000E+000 0.00000000000000E+000 0.00000000000000E+000 0.00000000000000E+000 0.00000000000000E+000 0.00000000000000E+000 0.00000000000000E+000
 0.00000000000000E+000 0.00000000000000E+000 0.00000000000000E+000 0.00000000000000E+000 0.00000000000000E+000 0.00000000000000E+000 0.00000000000000E+000
 0.00000000000000E+000 0.00000000000000E+000 0.00000000000000E+000 0.00000000000000E+000 0.00000000000000E+000 0.00000000000000E+000 0.00000000000000E+000
 0.00000000000000E+000 0.00000000000000E+000 0.00000000000000E+000 0.00000000000000E+000 0.00000000000000E+000 0.00000000000000E+000 0.00000000000000E+000
 0.00000000000000E+000 0.00000000000000E+000 0.00000000000000E+000 0.00000000000000E+000 0.00000000000000E+000 0.00000000000000E+000 0.00000000000000E+000
 0.00000000000000E+000 0.00000000000000E+000 0.00000000000000E+000 0.00000000000000E+000 0.00000000000000E+000 0.00000000000000E+000 0.00000000000000E+000
 0.00000000000000E+000 0.00000000000000E+000 0.00000000000000E+000 0.00000000000000E+000 0.00000000000000E+000 0.00000000000000E+000 0.00000000000000E+000
 0.00000000000000E+000 0.00000000000000E+000 0.00000000000000E+000 0.00000000000000E+000 0.00000000000000E+000 0.00000000000000E+000 0.00000000000000E+000
 0.00000000000000E+000 0.00000000000000E+000 0.00000000000000E+000 0.00000000000000E+000 0.00000000000000E+000 0.00000000000000E+000 0.00000000000000E+000
 0.00000000000000E+000 0.00000000000000E+000 0.00000000000000E+000 0.00000000000000E+000 0.00000000000000E+000 0.00000000000000E+000 0.00000000000000E+000
 0.00000000000000E+000 0.00000000000000E+000 0.00000000000000E+000 0.00000000000000E+000 0.00000000000000E+000 0.00000000000000E+000 0.00000000000000E+000
 0.00000000000000E+000 0.00000000000000E+000 0.00000000000000E+000 0.00000000000000E+000 0.00000000000000E+000 0.00000000000000E+000 0.00000000000000E+000
 0.00000000000000E+000 0.00000000000000E+000 0.00000000000000E+000 0.00000000000000E+000 0.00000000000000E+000 0.00000000000000E+000 0.00000000000000E+000
 0.00000000000000E+000 0.00000000000000E+000 0.00000000000000E+000 0.00000000000000E+000 0.00000000000000E+000 0.00000000000000E+000 0.00000000000000E+000
 0.00000000000000E+000 0.00000000000000E+000 0.00000000000000E+000 0.00000000000000E+000 0.00000000000000E+000 0.00000000000000E+000 0.00000000000000E+000
 0.00000000000000E+000 0.00000000000000E+000 0.00000000000000E+000 0.00000000000000E+000 0.00000000000000E+000 0.00000000000000E+000 0.00000000000000E+000
 0.00000000000000E+000 0.00000000000000E+000 0.00000000000000E+000 0.00000000000000E+000 0.00000000000000E+000 0.00000000000000E+000 0.00000000000000E+000
 0.00000000000000E+000 0.00000000000000E+000 0.00000000000000E+000 0.00000000000000E+000 0.00000000000000E+000 0.00000000000000E+000 0.00000000000000E+000
 0.00000000000000E+000 0.00000000000000E+000 0.00000000000000E+000 0.00000000000000E+000 0.00000000000000E+000 0.00000000000000E+000 0.00000000000000E+000
 0.00000000000000E+000 0.00000000000000E+000 0.00000000000000E+000 0.00000000000000E+000 0.00000000000000E+000 0.00000000000000E+000 0.00000000000000E+000
 0.00000000000000E+000 0.00000000000000E+000 0.00000000000000E+000 0.00000000000000E+000 0.00000000000000E+000 0.00000000000000E+000 0.00000000000000E+000
 0.00000000000000E+000 0.00000000000000E+000 0.00000000000000E+000 0.00000000000000E+000 0.00000000000000E+000 0.00000000000000E+000 0.00000000000000E+000
 0.00000000000000E+000 0.00000000000000E+000 0.00000000000000E+000 0.00000000000000E+000 0.00000000000000E+000 0.00000000000000E+000 0.00000000000000E+000
 0.00000000000000E+000 0.00000000000000E+000 0.00000000000000E+000 0.00000000000000E+000 0.00000000000000E+000 0.00000000000000E+000 0.00000000000000E+000
 0.00000000000000E+000 0.00000000000000E+000 0.00000000000000E+000 0.00000000000000E+000 0.00000000000000E+000 0.00000000000000E+000 0.00000000000000E+000
 0.00000000000000E+000 0.00000000000000E+000 0.00000000000000E+000 0.00000000000000E+000 0.00000000000000E+000 0.00000000000000E+000 0.00000000000000E+000
 0.00000000000000E+000 0.00000000000000E+000 0.00000000000000E+000 0.00000000000000E+000 0.00000000000000E+000 0.00000000000000E+000 0.00000000000000E+000
 0.00000000000000E+000 0.00000000000000E+000 0.00000000000000E+000 0.00000000000000E+000 0.00000000000000E+000 0.00000000000000E+000 0.00000000000000E+000
 0.00000000000000E+000 0.00000000000000E+000 0.00000000000000E+000 0.00000000000000E+000 0.00000000000000E+000 0.00000000000000E+000 0.00000000000000E+000
 0.00000000000000E+000 0.00000000000000E+000 0.00000000000000E+000 0.00000000000000E+000 0.00000000000000E+000 0.00000000000000E+000 0.00000000000000E+000
 0.00000000000000E+000 0.00000000000000E+000 0.00000000000000E+000 0.00000000000000E+000 0.00000000000000E+000 0.00000000000000E+000 0.00000000000000E+000
 0.00000000000000E+000 0.00000000000000E+000 0.00000000000000E+000 0.00000000000000E+000 0.00000000000000E+000 0.00000000000000E+000 0.00000000000000E+000
 0.00000000000000E+000 0.00000000000000E+000 0.00000000000000E+000 0.00000000000000E+000 0.00000000000000E+000 0.00000000000000E+000 0.00000000000000E+000
 0.00000000000000E+000 0.00000000000000E+000 0.00000000000000E+000 0.00000000000000E+000 0.00000000000000E+000 0.00000000000000E+000 0.00000000000000E+000
 0.00000000000000E+000 0.00000000000000E+000 0.00000000000000E+000 0.00000000000000E+000 0.00000000000000E+000 0.00000000000000E+000 0.00000000000000E+000
 0.00000000000000E+000 0.00000000000000E+000 0.00000000000000E+000 0.00000000000000E+000 0.00000000000000E+000 0.00000000000000E+000 0.00000000000000E+000
 0.00000000000000E+000 0.00000000000000E+000 0.00000000000000E+000 0.00000000000000E+000 0.00000000000000E+000 0.00000000000000E+000 0.00000000000000E+000
 0.00000000000000E+000 0.00000000000000E+000 0.00000000000000E+000 0.00000000000000E+000 0.00000000000000E+000 0.00000000000000E+000 0.00000000000000E+000
 0.00000000000000E+000 0.00000000000000E+000 0.00000000000000E+000 0.00000000000000E+000 0.00000000000000E+000 0.00000000000000E+000 0.00000000000000E+000
 0.00000000000000E+000 0.00000000000000E+000 0.00000000000000E+000 0.00000000000000E+000 0.00000000000000E+000 0.00000000000000E+000 0.00000000000000E+000
 0.00000000000000E+000 0.00000000000000E+000 0.00000000000000E+000 0.00000000000000E+000 0.00000000000000E+000 0.00000000000000E+000 0.00000000000000E+000
 0.00000000000000E+000 0.00000000000000E+000 0.00000000000000E+000 0.00000000000000E+000 0.00000000000000E+000 0.00000000000000E+000 0.00000000000000E+000
 0.00000000000000E+000 0.00000000000000E+000 0.00000000000000E+000 0.00000000000000E+000 0.00000000000000E+000 0.00000000000000E+000 0.00000000000000E+000
 0.00000000000000E+000 0.00000000000000E+000 0.00000000000000E+000 0.00000000000000E+000 0.00000000000000E+000 0.00000000000000E+000 0.00000000000000E+000
 0.00000000000000E+000 0.00000000000000E+000 0.00000000000000E+000 0.00000000000000E+000 0.00000000000000E+000 0.00000000000000E+000 0.00000000000000E+000
 0.00000000000000E+000 0.00000000000000E+000 0.00000000000000E+000 0.00000000000000E+000 0.00000000000000E+000 0.00000000000000E+000 0.00000000000000E+000
 0.00000000000000E+000 0.00000000000000E+000 0.00000000000000E+000 0.00000000000000E+000 0.00000000000000E+000 0.00000000000000E+000 0.00000000000000E+000
 0.00000000000000E+000 0.00000000000000E+000 0.00000000000000E+000 0.00000000000000E+000 0.00000000000000E+000 0.00000000000000E+000 0.00000000000000E+000
 0.00000000000000E+000 0.00000000000000E+000 0.00000000000000E+000 0.00000000000000E+000 0.00000000000000E+000 0.00000000000000E+000 0.00000000000000E+000
 0.00000000000000E+000 0.00000000000000E+000 0.00000000000000E+000 0.00000000000000E+000 0.00000000000000E+000 0.00000000000000E+000 0.00000000000000E+000
 0.00000000000000E+000 0.00000000000000E+000 0.00000000000000E+000 0.00000000000000E+000 0.00000000000000E+000 0.00000000000000E+000 0.00000000000000E+000
 0.00000000000000E+000 0.00000000000000E+000 0.00000000000000E+000 0.00000000000000E+000 0.00000000000000E+000 0.00000000000000E+000 0.00000000000000E+000
 0.00000000000000E+000 0.00000000000000E+000 0.00000000000000E+000 0.00000000000000E+000 0.00000000000000E+000 0.00000000000000E+000 0.00000000000000E+000
 0.00000000000000E+000 0.00000000000000E+000 0.00000000000000E+000 0.00000000000000E+000 0.00000000000000E+000 0.00000000000000E+000 0.00000000000000E+000
 0.00000000000000E+000 0.00000000000000E+000 0.00000000000000E+000 0.00000000000000E+000 0.00000000000000E+000 0.00000000000000E+000 0.00000000000000E+000
 0.00000000000000E+000 0.00000000000000E+000 0.00000000000000E+000 0.00000000000000E+000 0.00000000000000E+000 0.00000000000000E+000 0.00000000000000E+000
 0.00000000000000E+000 0.00000000000000E+000 0.00000000000000E+000 0.00000000000000E+000 0.00000000000000E+000 0.00000000000000E+000 0.00000000000000E+000
 0.00000000000000E+000 0.00000000000000E+000 0.00000000000000E+000 0.00000000000000E+000 0.00000000000000E+000 0.00000000000000E+000 0.00000000000000E+000
 0.00000000000000E+000 0.00000000000000E+000 0.00000000000000E+000 0.00000000000000E+000 0.00000000000000E+000 0.00000000000000E+000 0.00000000000000E+000
 0.00000000000000E+000 0.00000000000000E+000 0.00000000000000E+000 0.00000000000000E+000 0.00000000000000E+000 0.00000000000000E+000 0.00000000000000E+000
 0.00000000000000E+000 0.00000000000000E+000 0.00000000000000E+000 0.00000000000000E+000 0.00000000000000E+000 0.00000000000000E+000 0.00000000000000E+000
 0.00000000000000E+000 0.00000000000000E+000 0.00000000000000E+000 0.00000000000000E+000 0.00000000000000E+000 0.00000000000000E+000 0.00000000000000E+000
 0.00000000000000E+000 0.00000000000000E+000 0.00000000000000E+000 0.00000000000000E+000 0.00000000000000E+000 0.00000000000000E+000 0.00000000000000E+000
 0.00000000000000E+000 0.00000000000000E+000 0.00000000000000E+000 0.00000000000000E+000 0.00000000000000E+000 0.00000000000000E+000 0.00000000000000E+000
 0.00000000000000E+000 0.00000000000000E+000 0.00000000000000E+000 0.00000000000000E+000 0.00000000000000E+000 0.00000000000000E+000 0.00000000000000E+000
 0.00000000000000E+000 0.00000000000000E+000 0.00000000000000E+000 0.00000000000000E+000 0.00000000000000E+000 0.00000000000000E+000 0.00000000000000E+000
 0.00000000000000E+000 0.00000000000000E+000 0.00000000000000E+000 0.00000000000000E+000 0.00000000000000E+000 0.00000000000000E+000 0.00000000000000E+000
 0.00000000000000E+000 0.00000000000000E+000 0.00000000000000E+000 0.00000000000000E+000 0.00000000000000E+000 0.00000000000000E+000 0.00000000000000E+000
 0.00000000000000E+000 0.00000000000000E+000 0.00000000000000E+000 0.00000000000000E+000 0.00000000000000E+000 0.00000000000000E+000 0.00000000000000E+000
 0.00000000000000E+000 0.00000000000000E+000 0.00000000000000E+000 0.00000000000000E+000 0.00000000000000E+000 0.00000000000000E+000 0.00000000000000E+000
 0.00000000000000E+000 0.00000000000000E+000 0.00000000000000E+000 0.00000000000000E+000 0.00000000000000E+000 0.00000000000000E+000 0.00000000000000E+000
 0.00000000000000E+000 0.00000000000000E+000 0.00000000000000E+000 0.00000000000000E+000 0.00000000000000E+000 0.00000000000000E+000 0.00000000000000E+000
 0.00000000000000E+000 0.00000000000000E+000 0.00000000000000E+000 0.00000000000000E+000 0.00000000000000E+000 0.00000000000000E+000 0.00000000000000E+000
 0.00000000000000E+000 0.00000000000000E+000 0.00000000000000E+000 0.00000000000000E+000 0.00000000000000E+000 0.00000000000000E+000 0.00000000000000E+000
 0.00000000000000E+000 0.00000000000000E+000 0.00000000000000E+000 0.00000000000000E+000 0.00000000000000E+000 0.00000000000000E+000 0.00000000000000E+000
 0.00000000000000E+000 0.00000000000000E+000 0.00000000000000E+000 0.00000000000000E+000 0.00000000000000E+000 0.00000000000000E+000 0.00000000000000E+000
 0.00000000000000E+000 0.00000000000000E+000 0.00000000000000E+000 0.00000000000000E+000 0.00000000000000E+000 0.00000000000000E+000 0.00000000000000E+000
 0.00000000000000E+000 0.00000000000000E+000 0.00000000000000E+000 0.00000000000000E+000 0.00000000000000E+000 0.00000000000000E+000 0.00000000000000E+000
 0.00000000000000E+000 0.00000000000000E+000 0.00000000000000E+000 0.00000000000000E+000 0.00000000000000E+000 0.00000000000000E+000 0.00000000000000E+000
 0.00000000000000E+000 0.00000000000000E+000 0.00000000000000E+000 0.00000000000000E+000 0.00000000000000E+000 0.00000000000000E+000 0.00000000000000E+000
 0.00000000000000E+000 0.00000000000000E+000 0.00000000000000E+000 0.00000000000000E+000 0.00000000000000E+000 0.00000000000000E+000 0.00000000000000E+000
 0.00000000000000E+000 0.00000000000000E+000 0.00000000000000E+000 0.00000000000000E+000 0.00000000000000E+000 0.00000000000000E+000 0.00000000000000E+000
 0.00000000000000E+000 0.00000000000000E+000 0.00000000000000E+000 0.00000000000000E+000 0.00000000000000E+000 0.00000000000000E+000 0.00000000000000E+000
 0.00000000000000E+000 0.00000000000000E+000 0.00000000000000E+000 0.00000000000000E+000 0.00000000000000E+000 0.00000000000000E+000 0.00000000000000E+000
 0.00000000000000E+000 0.00000000000000E+000 0.00000000000000E+000 0.00000000000000E+000 0.00000000000000E+000 0.00000000000000E+000 0.00000000000000E+000
 0.00000000000000E+000 0.00000000000000E+000 0.00000000000000E+000 0.00000000000000E+000 0.00000000000000E+000 0.00000000000000E+000 0.00000000000000E+000
 0.00000000000000E+000 0.00000000000000E+000 0.00000000000000E+000 0.00000000000000E+000 0.00000000000000E+000 0.00000000000000E+000 0.00000000000000E+000
 0.00000000000000E+000 0.00000000000000E+000 0.00000000000000E+000 0.00000000000000E+000 0.00000000000000E+000 0.00000000000000E+000 0.00000000000000E+000
 0.00000000000000E+000 0.00000000000000E+000 0.00000000000000E+000 0.00000000000000E+000 0.00000000000000E+000 0.00000000000000E+000 0.00000000000000E+000
 0.00000000000000E+000 0.00000000000000E+000 0.00000000000000E+000 0.00000000000000E+000 0.00000000000000E+000 0.00000000000000E+000 0.00000000000000E+000
 0.00000000000000E+000 0.00000000000000E+000 0.00000000000000E+000 0.00000000000000E+000 0.00000000000000E+000 0.00000000000000E+000 0.00000000000000E+000
 0.00000000000000E+000 0.00000000000000E+000 0.00000000000000E+000 0.00000000000000E+000 0.00000000000000E+000 0.00000000000000E+000 0.00000000000000E+000
 0.00000000000000E+000 0.00000000000000E+000 0.00000000000000E+000 0.00000000000000E+000 0.00000000000000E+000 0.00000000000000E+000 0.00000000000000E+000
 0.00000000000000E+000 0.00000000000000E+000 0.00000000000000E+000 0.00000000000000E+000 0.00000000000000E+000 0.00000000000000E+000 0.00000000000000E+000
 0.00000000000000E+000 0.00000000000000E+000 0.00000000000000E+000 0.00000000000000E+000 0.00000000000000E+000 0.00000000000000E+000 0.00000000000000E+000
 0.00000000000000E+000 0.00000000000000E+000 0.00000000000000E+000 0.00000000000000E+000 0.00000000000000E+000 0.00000000000000E+000 0.00000000000000E+000
 0.00000000000000E+000 0.00000000000000E+000 0.00000000000000E+000 0.00000000000000E+000 0.00000000000000E+000 0.00000000000000E+000 0.00000000000000E+000
 0.00000000000000E+000 0.00000000000000E+000 0.00000000000000E+000 0.00000000000000E+000 0.00000000000000E+000 0.00000000000000E+000 0.00000000000000E+000
 0.00000000000000E+000 0.00000000000000E+000 0.00000000000000E+000 0.00000000000000E+000 0.00000000000000E+000 0.00000000000000E+000 0.00000000000000E+000
 0.00000000000000E+000 0.00000000000000E+000 0.00000000000000E+000 0.00000000000000E+000 0.00000000000000E+000 0.00000000000000E+000 0.00000000000000E+000
 0.00000000000000E+000 0.00000000000000E+000 0.00000000000000E+000 0.00000000000000E+000 0.00000000000000E+000 0.00000000000000E+000 0.00000000000000E+000
 0.00000000000000E+000 0.00000000000000E+000 0.00000000000000E+000 0.00000000000000E+000 0.00000000000000E+000 0.00000000000000E+000 0.00000000000000E+000
 0.00000000000000E+000 0.00000000000000E+000 0.00000000000000E+000 0.00000000000000E+000 0.00000000000000E+000 0.00000000000000E+000 0.00000000000000E+000
 0.00000000000000E+000 0.00000000000000E+000 0.00000000000000E+000 0.00000000000000E+000 0.00000000000000E+000 0.00000000000000E+000 0.00000000000000E+000
 0.00000000000000E+000 0.00000000000000E+000 0.00000000000000E+000 0.00000000000000E+000 0.00000000000000E+000 0.00000000000000E+000 0.00000000000000E+000
 0.00000000000000E+000 0.00000000000000E+000 0.00000000000000E+000 0.00000000000000E+000 0.00000000000000E+000 0.00000000000000E+000 0.00000000000000E+000
 0.00000000000000E+000 0.00000000000000E+000 0.00000000000000E+000 0.00000000000000E+000 0.00000000000000E+000 0.00000000000000E+000 0.00000000000000E+000
 0.00000000000000E+000 0.00000000000000E+000 0.00000000000000E+000 0.00000000000000E+000 0.00000000000000E+000 0.00000000000000E+000 0.00000000000000E+000
 0.00000000000000E+000 0.00000000000000E+000 0.00000000000000E+000 0.00000000000000E+000 0.00000000000000E+000 0.00000000000000E+000 0.00000000000000E+000
 0.00000000000000E+000 0.00000000000000E+000 0.00000000000000E+000 0.00000000000000E+000 0.00000000000000E+000 0.00000000000000E+000 0.00000000000000E+000
 0.00000000000000E+000 0.00000000000000E+000 0.00000000000000E+000 0.00000000000000E+000 0.00000000000000E+000 0.00000000000000E+000 0.00000000000000E+000
 0.00000000000000E+000 0.00000000000000E+000 0.00000000000000E+000 0.00000000000000E+000 0.00000000000000E+000 0.00000000000000E+000 0.00000000000000E+000
 0.00000000000000E+000 0.00000000000000E+000 0.00000000000000E+000 0.00000000000000E+000 0.00000000000000E+000 0.00000000000000E+000 0.00000000000000E+000
 0.00000000000000E+000 0.00000000000000E+000 0.00000000000000E+000 0.00000000000000E+000 0.00000000000000E+000 0.00000000000000E+000 0.00000000000000E+000
 0.00000000000000E+000 0.00000000000000E+000 0.00000000000000E+000 0.00000000000000E+000 0.00000000000000E+000 0.00000000000000E+000 0.00000000000000E+000
 0.00000000000000E+000 0.00000000000000E+000 0.00000000000000E+000 0.00000000000000E+000 0.00000000000000E+000 0.00000000000000E+000 0.00000000000000E+000
 0.00000000000000E+000 0.00000000000000E+000 0.00000000000000E+000 0.00000000000000E+000 0.00000000000000E+000 0.00000000000000E+000 0.00000000000000E+000
 0.00000000000000E+000 0.00000000000000E+000 0.00000000000000E+000 0.00000000000000E+000 0.00000000000000E+000 0.00000000000000E+000 0.00000000000000E+000
 0.00000000000000E+000 0.00000000000000E+000 0.00000000000000E+000 0.00000000000000E+000 0.00000000000000E+000 0.00000000000000E+000 0.00000000000000E+000
 0.00000000000000E+000 0.00000000000000E+000 0.00000000000000E+000 0.00000000000000E+000 0.00000000000000E+000 0.00000000000000E+000 0.00000000000000E+000
 0.00000000000000E+000 0.00000000000000E+000 0.00000000000000E+000 0.00000000000000E+000 0.00000000000000E+000 0.00000000000000E+000 0.00000000000000E+000
 0.00000000000000E+000 0.00000000000000E+000 0.00000000000000E+000 0.00000000000000E+000 0.00000000000000E+000 0.00000000000000E+000 0.00000000000000E+000
 0.00000000000000E+000 0.00000000000000E+000 0.00000000000000E+000 0.00000000000000E+000 0.00000000000000E+000 0.00000000000000E+000 0.00000000000000E+000
 0.00000000000000E+000 0.00000000000000E+000 0.00000000000000E+000 0.00000000000000E+000 0.00000000000000E+000 0.00000000000000E+000 0.00000000000000E+000
 0.00000000000000E+000 0.00000000000000E+000 0.00000000000000E+000 0.00000000000000E+000 0.00000000000000E+000 0.00000000000000E+000 0.00000000000000E+000
 0.00000000000000E+000 0.00000000000000E+000 0.00000000000000E+000 0.00000000000000E+000 0.00000000000000E+000 0.00000000000000E+000 0.00000000000000E+000
 0.00000000000000E+000 0.00000000000000E+000 0.00000000000000E+000 0.00000000000000E+000 0.00000000000000E+000 0.00000000000000E+000 0.00000000000000E+000
 0.00000000000000E+000 0.00000000000000E+000 0.00000000000000E+000 0.00000000000000E+000 0.00000000000000E+000 0.00000000000000E+000 0.00000000000000E+000
 0.00000000000000E+000 0.00000000000000E+000 0.00000000000000E+000 0.00000000000000E+000 0.00000000000000E+000 0.00000000000000E+000 0.00000000000000E+000
 0.00000000000000E+000 0.00000000000000E+000 0.00000000000000E+000 0.00000000000000E+000 0.00000000000000E+000 0.00000000000000E+000 0.00000000000000E+000
 0.00000000000000E+000 0.00000000000000E+000 0.00000000000000E+000 0.00000000000000E+000 0.00000000000000E+000 0.00000000000000E+000 0.00000000000000E+000
 0.00000000000000E+000 0.00000000000000E+000 0.00000000000000E+000 0.00000000000000E+000 0.00000000000000E+000 0.00000000000000E+000 0.00000000000000E+000
 0.00000000000000E+000 0.00000000000000E+000 0.00000000000000E+000 0.00000000000000E+000 0.00000000000000E+000 0.00000000000000E+000 0.00000000000000E+000
 0.00000000000000E+000 0.00000000000000E+000 0.00000000000000E+000 0.00000000000000E+000 0.00000000000000E+000 0.00000000000000E+000 0.00000000000000E+000
 0.00000000000000E+000 0.00000000000000E+000 0.00000000000000E+000 0.00000000000000E+000 0.00000000000000E+000 0.00000000000000E+000 0.00000000000000E+000
 0.00000000000000E+000 0.00000000000000E+000 0.00000000000000E+000 0.00000000000000E+000 0.00000000000000E+000 0.00000000000000E+000 0.00000000000000E+000
 0.00000000000000E+000 0.00000000000000E+000 0.00000000000000E+000 0.00000000000000E+000 0.00000000000000E+000 0.00000000000000E+000 0.00000000000000E+000
 0.00000000000000E+000 0.00000000000000E+000 0.00000000000000E+000 0.00000000000000E+000 0.00000000000000E+000 0.00000000000000E+000 0.00000000000000E+000
 0.00000000000000E+000 0.00000000000000E+000 0.00000000000000E+000 0.00000000000000E+000 0.00000000000000E+000 0.00000000000000E+000 0.00000000000000E+000
 0.00000000000000E+000 0.00000000000000E+000 0.00000000000000E+000 0.00000000000000E+000 0.00000000000000E+000 0.00000000000000E+000 0.00000000000000E+000
 0.00000000000000E+000 0.00000000000000E+000 0.00000000000000E+000 0.00000000000000E+000 0.00000000000000E+000 0.00000000000000E+000 0.00000000000000E+000
 0.00000000000000E+000 0.00000000000000E+000 0.00000000000000E+000 0.00000000000000E+000 0.00000000000000E+000 0.00000000000000E+000 0.00000000000000E+000
 0.00000000000000E+000 0.00000000000000E+000 0.00000000000000E+000 0.00000000000000E+000 0.00000000000000E+000 0.00000000000000E+000 0.00000000000000E+000
 0.00000000000000E+000 0.00000000000000E+000 0.00000000000000E+000 0.00000000000000E+000 0.00000000000000E+000 0.00000000000000E+000 0.00000000000000E+000
 0.00000000000000E+000 0.00000000000000E+000 0.00000000000000E+000 0.00000000000000E+000 0.00000000000000E+000 0.00000000000000E+000 0.00000000000000E+000
 0.00000000000000E+000 0.00000000000000E+000 0.00000000000000E+000 0.00000000000000E+000 0.00000000000000E+000 0.00000000000000E+000 0.00000000000000E+000
 0.00000000000000E+000 0.00000000000000E+000 0.00000000000000E+000 0.00000000000000E+000 0.00000000000000E+000 0.00000000000000E+000 0.00000000000000E+000
 0.00000000000000E+000 0.00000000000000E+000 0.00000000000000E+000 0.00000000000000E+000 0.00000000000000E+000 0.00000000000000E+000 0.00000000000000E+000
 0.00000000000000E+000 0.00000000000000E+000 0.00000000000000E+000 0.00000000000000E+000 0.00000000000000E+000 0.00000000000000E+000 0.00000000000000E+000
 0.00000000000000E+000 0.00000000000000E+000 0.00000000000000E+000 0.00000000000000E+000 0.00000000000000E+000 0.00000000000000E+000 0.00000000000000E+000
 0.00000000000000E+000 0.00000000000000E+000 0.00000000000000E+000 0.00000000000000E+000 0.00000000000000E+000 0.00000000000000E+000 0.00000000000000E+000
 0.00000000000000E+000 0.00000000000000E+000 0.00000000000000E+000 0.00000000000000E+000 0.00000000000000E+000 0.00000000000000E+000 0.00000000000000E+000
 0.00000000000000E+000 0.00000000000000E+000 0.00000000000000E+000 0.00000000000000E+000 0.00000000000000E+000 0.00000000000000E+000 0.00000000000000E+000
 0.00000000000000E+000 0.00000000000000E+000 0.00000000000000E+000 0.00000000000000E+000 0.00000000000000E+000 0.00000000000000E+000 0.00000000000000E+000
 0.00000000000000E+000 0.00000000000000E+000 0.00000000000000E+000 0.00000000000000E+000 0.00000000000000E+000 0.00000000000000E+000 0.00000000000000E+000
 0.00000000000000E+000 0.00000000000000E+000 0.00000000000000E+000 0.00000000000000E+000 0.00000000000000E+000 0.00000000000000E+000 0.00000000000000E+000
 0.00000000000000E+000 0.00000000000000E+000 0.00000000000000E+000 0.00000000000000E+000 0.00000000000000E+000 0.00000000000000E+000 0.00000000000000E+000
 0.00000000000000E+000 0.00000000000000E+000 0.00000000000000E+000 0.00000000000000E+000 0.00000000000000E+000 0.00000000000000E+000 0.00000000000000E+000
 0.00000000000000E+000 0.00000000000000E+000 0.00000000000000E+000 0.00000000000000E+000 0.00000000000000E+000 0.00000000000000E+000 0.00000000000000E+000
 0.00000000000000E+000 0.00000000000000E+000 0.00000000000000E+000 0.00000000000000E+000 0.00000000000000E+000 0.00000000000000E+000 0.00000000000000E+000
 0.00000000000000E+000 0.00000000000000E+000 0.00000000000000E+000 0.00000000000000E+000 0.00000000000000E+000 0.00000000000000E+000 0.00000000000000E+000
 0.00000000000000E+000 0.00000000000000E+000 0.00000000000000E+000 0.00000000000000E+000 0.00000000000000E+000 0.00000000000000E+000 0.00000000000000E+000
 0.00000000000000E+000 0.00000000000000E+000 0.00000000000000E+000 0.00000000000000E+000 0.00000000000000E+000 0.00000000000000E+000 0.00000000000000E+000
 0.00000000000000E+000 0.00000000000000E+000 0.00000000000000E+000 0.00000000000000E+000 0.00000000000000E+000 0.00000000000000E+000 0.00000000000000E+000
 0.00000000000000E+000 0.00000000000000E+000 0.00000000000000E+000 0.00000000000000E+000 0.00000000000000E+000 0.00000000000000E+000 0.00000000000000E+000
 0.00000000000000E+000 0.00000000000000E+000 0.00000000000000E+000 0.00000000000000E+000 0.00000000000000E+000 0.00000000000000E+000 0.00000000000000E+000
 0.00000000000000E+000 0.00000000000000E+000 0.00000000000000E+000 0.00000000000000E+000 0.00000000000000E+000 0.00000000000000E+000 0.00000000000000E+000
 0.00000000000000E+000 0.00000000000000E+000 0.00000000000000E+000 0.00000000000000E+000 0.00000000000000E+000 0.00000000000000E+000 0.00000000000000E+000
 0.00000000000000E+000 0.00000000000000E+000 0.00000000000000E+000 0.00000000000000E+000 0.00000000000000E+000 0.00000000000000E+000 0.00000000000000E+000
 0.00000000000000E+000 0.00000000000000E+000 0.00000000000000E+000 0.00000000000000E+000 0.00000000000000E+000 0.00000000000000E+000 0.00000000000000E+000
 0.00000000000000E+000 0.00000000000000E+000 0.00000000000000E+000 0.00000000000000E+000 0.00000000000000E+000 0.00000000000000E+000 0.00000000000000E+000
 0.00000000000000E+000 0.00000000000000E+000 0.00000000000000E+000 0.00000000000000E+000 0.00000000000000E+000 0.00000000000000E+000 0.00000000000000E+000
 0.00000000000000E+000 0.00000000000000E+000 0.00000000000000E+000 0.00000000000000E+000 0.00000000000000E+000 0.00000000000000E+000 0.00000000000000E+000
 0.00000000000000E+000 0.00000000000000E+000 0.00000000000000E+000 0.00000000000000E+000 0.00000000000000E+000 0.00000000000000E+000 0.00000000000000E+000
 0.00000000000000E+000 0.00000000000000E+000 0.00000000000000E+000 0.00000000000000E+000 0.00000000000000E+000 0.00000000000000E+000 0.00000000000000E+000
 0.00000000000000E+000 0.00000000000000E+000 0.00000000000000E+000 0.00000000000000E+000 0.00000000000000E+000 0.00000000000000E+000 0.00000000000000E+000
 0.00000000000000E+000 0.00000000000000E+000 0.00000000000000E+000 0.00000000000000E+000 0.00000000000000E+000 0.00000000000000E+000 0.00000000000000E+000
 0.00000000000000E+000 0.00000000000000E+000 0.00000000000000E+000 0.00000000000000E+000 0.00000000000000E+000 0.00000000000000E+000 0.00000000000000E+000
 0.00000000000000E+000 0.00000000000000E+000 0.00000000000000E+000 0.00000000000000E+000 0.00000000000000E+000 0.00000000000000E+000 0.00000000000000E+000
 0.00000000000000E+000 0.00000000000000E+000 0.00000000000000E+000 0.00000000000000E+000 0.00000000000000E+000 0.00000000000000E+000 0.00000000000000E+000
 0.00000000000000E+000 0.00000000000000E+000 0.00000000000000E+000 0.00000000000000E+000 0.00000000000000E+000 0.00000000000000E+000 0.00000000000000E+000
 0.00000000000000E+000 0.00000000000000E+000 0.00000000000000E+000 0.00000000000000E+000 0.00000000000000E+000 0.00000000000000E+000 0.00000000000000E+000
 0.00000000000000E+000 0.00000000000000E+000 0.00000000000000E+000 0.00000000000000E+000 0.00000000000000E+000 0.00000000000000E+000 0.00000000000000E+000
 0.00000000000000E+000 0.00000000000000E+000 0.00000000000000E+000 0.00000000000000E+000 0.00000000000000E+000 0.00000000000000E+000 0.00000000000000E+000
 0.00000000000000E+000 0.00000000000000E+000 0.00000000000000E+000 0.00000000000000E+000 0.00000000000000E+000 0.00000000000000E+000 0.00000000000000E+000
 0.00000000000000E+000 0.00000000000000E+000 0.00000000000000E+000 0.00000000000000E+000 0.00000000000000E+000 0.00000000000000E+000 0.00000000000000E+000
 0.00000000000000E+000 0.00000000000000E+000 0.00000000000000E+000 0.00000000000000E+000 0.00000000000000E+000 0.00000000000000E+000 0.00000000000000E+000
 0.00000000000000E+000 0.00000000000000E+000 0.00000000000000E+000 0.00000000000000E+000 0.00000000000000E+000 0.00000000000000E+000 0.00000000000000E+000
 0.00000000000000E+000 0.00000000000000E+000 0.00000000000000E+000 0.00000000000000E+000 0.00000000000000E+000 0.00000000000000E+000 0.00000000000000E+000
 0.00000000000000E+000 0.00000000000000E+000 0.00000000000000E+000 0.00000000000000E+000 0.00000000000000E+000 0.00000000000000E+000 0.00000000000000E+000
 0.00000000000000E+000 0.00000000000000E+000 0.00000000000000E+000 0.00000000000000E+000 0.00000000000000E+000 0.00000000000000E+000 0.00000000000000E+000
 0.00000000000000E+000 0.00000000000000E+000 0.00000000000000E+000 0.00000000000000E+000 0.00000000000000E+000 0.00000000000000E+000 0.00000000000000E+000
 0.00000000000000E+000 0.00000000000000E+000 0.00000000000000E+000 0.00000000000000E+000 0.00000000000000E+000 0.00000000000000E+000 0.00000000000000E+000
 0.00000000000000E+000 0.00000000000000E+000 0.00000000000000E+000 0.00000000000000E+000 0.00000000000000E+000 0.00000000000000E+000 0.00000000000000E+000
 0.00000000000000E+000 0.00000000000000E+000 0.00000000000000E+000 0.00000000000000E+000 0.00000000000000E+000 0.00000000000000E+000 0.00000000000000E+000
 0.00000000000000E+000 0.00000000000000E+000 0.00000000000000E+000 0.00000000000000E+000 0.00000000000000E+000 0.00000000000000E+000 0.00000000000000E+000
 0.00000000000000E+000 0.00000000000000E+000 0.00000000000000E+000 0.00000000000000E+000 0.00000000000000E+000 0.00000000000000E+000 0.00000000000000E+000
 0.00000000000000E+000 0.00000000000000E+000 0.00000000000000E+000 0.00000000000000E+000 0.00000000000000E+000 0.00000000000000E+000 0.00000000000000E+000
 0.00000000000000E+000 0.00000000000000E+000 0.00000000000000E+000 0.00000000000000E+000 0.00000000000000E+000 0.00000000000000E+000 0.00000000000000E+000
 0.00000000000000E+000 0.00000000000000E+000 0.00000000000000E+000 0.00000000000000E+000 0.00000000000000E+000 0.00000000000000E+000 0.00000000000000E+000
 0.00000000000000E+000 0.00000000000000E+000 0.00000000000000E+000 0.00000000000000E+000 0.00000000000000E+000 0.00000000000000E+000 0.00000000000000E+000
 0.00000000000000E+000 0.00000000000000E+000 0.00000000000000E+000 0.00000000000000E+000 0.00000000000000E+000 0.00000000000000E+000 0.00000000000000E+000
 0.00000000000000E+000 0.00000000000000E+000 0.00000000000000E+000 0.00000000000000E+000 0.00000000000000E+000 0.00000000000000E+000 0.00000000000000E+000
 0.00000000000000E+000 0.00000000000000E+000 0.00000000000000E+000 0.00000000000000E+000 0.00000000000000E+000 0.00000000000000E+000 0.00000000000000E+000
 0.00000000000000E+000 0.00000000000000E+000 0.00000000000000E+000 0.00000000000000E+000 0.00000000000000E+000 0.00000000000000E+000 0.00000000000000E+000
 0.00000000000000E+000 0.00000000000000E+000 0.00000000000000E+000 0.00000000000000E+000 0.00000000000000E+000 0.00000000000000E+000 0.00000000000000E+000
 0.00000000000000E+000 0.00000000000000E+000 0.00000000000000E+000 0.00000000000000E+000 0.00000000000000E+000 0.00000000000000E+000 0.00000000000000E+000
 0.00000000000000E+000 0.00000000000000E+000 0.00000000000000E+000 0.00000000000000E+000 0.00000000000000E+000 0.00000000000000E+000 0.00000000000000E+000
